0000000000000000000000000000000000000000
0               0                0000000
0 1   1   1   1 0  0000000   0   0000000
0               0  0         0   00   00
0               0  0   0     0   00   00
0 1   2   1   1 0      0     0   00   00
0               0   0  0     0   00   00
0               0   0  0   2     00   00
0 1   1   1   1 0                00   00
0               0    0000000     0     0
0                                      0
0 1   1   1   1 0                0     0
0               0000000000000000000   00
0               0                 0   00
0 1   1   1   1 0  0  0  0  0  0  0   00
0               0                 0   00
0               0                 0   00
0 1   1   1   1 0  0  0  0  0  0  00 000
0                                     00
0                                     00
0 1   1   1   1 0  0  0  0  0  0  00 000
0               0                 0   00
0               0                 0   00
0 1   1   1   1 0  0  0  0  0  0  0   00
0               0                 0   00
0               0000000000000000000   00
0 1   1   1   1 0  0     0    0  0     0
0               0  0  0  0  0 0     2  0
0                  0  0  0  0 0  0     0
0 1   1   2   1 0  0  0  0  0 0  0     0
0               0  0  0  0  0 0  000 000
0               0  0  0  0  0 0  0     0
0 1   1   1   1 0  0  0  0  0 0  0     0
0               0  0  0  0  0 0  0     0
0               0  0  0  0  0 0  0     0
0 1   1   1   1 0  0  0  2  0 0  0     0
0               0     0     0    0     0
00000000 0000000000000000000000000000000
00000000            B0000000000000000000
0000000010000000000000000000000000000000
