0000000000000000000000000000000000000000
01                1111                10
0                 1EE1                 0
0000   111        1  1       111    0000
0000   111     1        1    111    0000
0000   111                   111    0000
0                                      0
01                                    10
0                                      0
0000   111                   111    0000
0000   111     1        1    111    0000
0000   111                   111    0000
0                                      0
01                                    10
0                                      0
0000   111                   111    0000
0000   111     1        1    111    0000
0000   111                   111    0000
0                                      0
01                                    10
0                                      0
01         111111      111111         10
00000000000111111      11111100000000000
00000000000111111      11111100000000000
0          111111      111111          0
0                                      0
0                                      0
0     11                       11      0
0     11                       11      0
0                                      0
0     11       11      11      11      0
0     11       11      11      11      0
0                                      0
0     11       11      11      11      0
0     11       11      11      11      0
0                                      0
0                                      0
0                                      0
0                                      0
0000000000000000000000000000000000000000
